   32.72764359  -5.04701746   0.           0.          -5.34605105  -5.42765413   0.           0.           0.           0.           0.           0.           0.          -1.76190464  -1.77769095   0.           0.           0.           0.           0.           0.           0.        
   -5.04701746  10.16652261   0.           0.          -5.11950515   0.           0.           0.           0.           0.           0.           0.           0.          -2.00583547   0.           0.           0.           0.           0.           0.           0.           0.        
    0.           0.          18.86435583   0.           0.          -4.55546651   0.           0.           0.          -4.38065955  -3.39828144  -6.52994833   0.           0.          -0.           0.           0.           0.          -2.09188056  -1.63278516  -3.31585232   0.        
    0.           0.           0.           6.18790803   0.           0.          -6.18790803   0.           0.           0.           0.           0.           0.           0.           0.          -0.           0.           0.           0.           0.           0.           0.        
   -5.34605105  -5.11950515   0.           0.          38.7891224  -21.57855398  -4.88951266  -1.85549956   0.           0.           0.           0.           0.          10.41725827  -6.84098066  -0.          -0.           0.           0.           0.           0.           0.        
   -5.42765413   0.          -4.55546651   0.         -21.57855398  36.05075732   0.           0.           0.           0.           0.           0.           0.          -6.84098066   9.42991265   0.           0.           0.           0.           0.           0.           0.        
    0.           0.           0.          -6.18790803  -4.88951266   0.          20.16750341  -9.09008272   0.           0.           0.           0.           0.          -0.           0.           0.          -0.           0.           0.           0.           0.           0.        
    0.           0.           0.           0.          -1.85549956   0.          -9.09008272  24.34002686 -10.36539413   0.           0.           0.          -3.02905046  -0.           0.          -0.           5.32605504  -3.90204955   0.           0.           0.          -1.42400549
    0.           0.           0.           0.           0.           0.           0.         -10.36539413  14.76833788  -4.40294375   0.           0.           0.           0.           0.           0.          -3.90204955   5.78293431  -1.88088475   0.           0.           0.        
    0.           0.          -4.38065955   0.           0.           0.           0.           0.          -4.40294375   8.7836033    0.           0.           0.           0.           0.           0.           0.          -1.88088475   3.69906132   0.           0.           0.        
    0.           0.          -3.39828144   0.           0.           0.           0.           0.           0.           0.           5.65025607  -2.25197463   0.           0.           0.           0.           0.           0.           0.           3.90817431  -2.48902459   0.        
    0.           0.          -6.52994833   0.           0.           0.           0.           0.           0.           0.          -2.25197463  11.09688643  -2.31496348   0.           0.           0.           0.           0.           0.          -2.48902459   6.50802123  -1.13699416
    0.           0.           0.           0.           0.           0.           0.          -3.02905046   0.           0.           0.          -2.31496348   5.34401393   0.           0.           0.          -1.42400549   0.           0.           0.          -1.13699416   2.56099964
    1.76190464   2.00583547   0.           0.         -10.60872077   6.84098066   0.           0.           0.           0.           0.           0.           0.          38.51922002 -21.57855398  -4.88951266  -1.85549956   0.           0.           0.           0.           0.        
    1.77769095   0.           0.           0.           6.84098066  -9.70612292   0.           0.           0.           0.           0.           0.           0.         -21.57855398  35.01652159   0.           0.           0.           0.           0.           0.           0.        
    0.           0.           0.           0.           0.           0.          -0.           0.           0.           0.           0.           0.           0.          -4.88951266   0.          18.93050848  -9.09008272   0.           0.           0.           0.           0.        
    0.           0.           0.           0.           0.           0.           0.          -5.32605504   3.90204955   0.           0.           0.           1.42400549  -1.85549956   0.          -9.09008272  23.84498589 -10.36539413   0.           0.           0.          -3.02905046
    0.           0.           0.           0.           0.           0.           0.           3.90204955  -5.78293431   1.88088475   0.           0.           0.           0.           0.           0.         -10.36539413  14.76833788  -4.40294375   0.           0.           0.        
    0.           0.           2.09188056   0.           0.           0.           0.           0.           1.88088475  -3.97276532   0.           0.           0.           0.           0.           0.           0.          -4.40294375   8.21043289   0.           0.           0.        
    0.           0.           1.63278516   0.           0.           0.           0.           0.           0.           0.          -4.12180975   2.48902459   0.           0.           0.           0.           0.           0.           0.           5.20562111  -2.25197463   0.        
    0.           0.           3.31585232   0.           0.           0.           0.           0.           0.           0.           2.48902459  -6.94187107   1.13699416   0.           0.           0.           0.           0.           0.          -2.25197463  10.24250067  -2.31496348
    0.           0.           0.           0.           0.           0.           0.           1.42400549   0.           0.           0.           1.13699416  -2.56099964   0.           0.           0.          -3.02905046   0.           0.           0.          -2.31496348   5.34401393


   33.16120896  -5.09828521   0.           0.          -5.58191586  -5.65744167   0.           0.           0.           0.           0.           0.           0.          -1.52780952  -1.62739796   0.           0.           0.           0.           0.           0.           0.        
   -4.984325    10.250606     0.           0.          -5.266281     0.           0.           0.           0.           0.           0.           0.           0.          -2.0267671    0.           0.           0.           0.           0.           0.           0.           0.        
    0.           0.          20.00357354   0.           0.          -4.707338     0.           0.           0.          -4.70687417  -3.63098217  -6.9583792    0.           0.           0.04942552   0.           0.           0.          -1.96328411  -1.56896869  -3.16126623   0.        
    0.           0.           0.           6.61312553   0.           0.          -6.61312553   0.           0.           0.           0.           0.           0.           0.           0.           0.22102298   0.           0.           0.           0.           0.           0.        
   -5.42406521  -5.28319418   0.           0.          40.97710921 -22.85672857  -5.38736442  -2.02575684   0.           0.           0.           0.           0.          10.35330866  -7.40153951   0.02618096   0.06176303   0.           0.           0.           0.           0.        
   -5.55616149   0.          -4.707338     0.         -23.08865563  37.93950935   0.           0.           0.           0.           0.           0.           0.          -6.71355064   9.82921677   0.           0.           0.           0.           0.           0.           0.        
    0.           0.           0.          -6.61312553  -5.38736442   0.          22.30257186 -10.30208191   0.           0.           0.           0.           0.          -0.02717373   0.           0.01407586   0.26355378   0.           0.           0.           0.           0.        
    0.           0.           0.           0.          -2.02575684   0.         -10.30208191  27.2334193  -11.56482073   0.           0.           0.          -3.34075982  -0.06355193   0.          -0.26127979   5.33027471  -4.19261163   0.           0.           0.          -1.49816647
    0.           0.           0.           0.           0.           0.           0.         -11.60913284  16.47721474  -4.8680819    0.           0.           0.           0.           0.           0.          -4.05882723   6.00490287  -2.09797141   0.           0.           0.        
    0.           0.          -4.57756948   0.           0.           0.           0.           0.          -4.97255665   9.55012613   0.           0.           0.           0.           0.           0.           0.          -1.8774505    4.047372     0.           0.           0.        
    0.           0.          -3.56632115   0.           0.           0.           0.           0.           0.           0.           6.0920664   -2.52574525   0.           0.           0.           0.           0.           0.           0.           4.19868672  -2.62467156   0.        
    0.           0.          -6.7939963    0.           0.           0.           0.           0.           0.           0.          -2.49887271  11.87201279  -2.57914379   0.           0.           0.           0.           0.           0.          -2.63317399   6.96474466  -1.10129547
    0.           0.           0.           0.           0.           0.           0.          -3.32951468   0.           0.           0.          -2.48181791   5.81133258   0.           0.           0.          -1.49019256   0.           0.           0.          -1.27400171   2.50622956
    2.05310618   2.04507215   0.           0.         -11.65344537   7.64874444  -0.02799792  -0.06547949   0.           0.           0.           0.           0.          39.88229092 -22.11800656  -5.03774547  -1.91077965   0.           0.           0.           0.           0.        
    1.99098072   0.           0.05107629   0.           6.91717527 -10.27813145   0.           0.           0.           0.           0.           0.           0.         -22.40898239  36.7275469    0.           0.           0.           0.           0.           0.           0.        
    0.           0.           0.           0.23636194   0.02799792   0.           0.01505272  -0.27941258   0.           0.           0.           0.           0.          -5.22877366   0.          20.9561875   -9.71736002   0.           0.           0.           0.           0.        
    0.           0.           0.           0.           0.06547949   0.           0.27941258  -6.32160319   4.42076926   0.           0.           0.           1.55594186  -1.96612354   0.          -9.63351695  25.3967309  -10.96795579   0.           0.           0.          -3.2167104 
    0.           0.           0.           0.           0.           0.           0.           4.3030587   -6.52724201   2.22418331   0.           0.           0.           0.           0.           0.         -10.95022581  15.51721223  -4.59184124   0.           0.           0.        
    0.           0.           2.35217355   0.           0.           0.           0.           0.           1.97961944  -4.33179299   0.           0.           0.           0.           0.           0.           0.          -4.71592105   9.00817916   0.           0.           0.        
    0.           0.           1.79634661   0.           0.           0.           0.           0.           0.           0.          -4.56095253   2.76460593   0.           0.           0.           0.           0.           0.           0.           5.74611395  -2.39790115   0.        
    0.           0.           3.65353038   0.           0.           0.           0.           0.           0.           0.           2.78891919  -7.58621546   1.1437659    0.           0.           0.           0.           0.           0.          -2.35932495  11.20600213  -2.48337477
    0.           0.           0.           0.           0.           0.           0.           1.57986179   0.           0.           0.           1.34192511  -2.9217869    0.           0.           0.          -3.14053927   0.           0.           0.          -2.35619725   5.50465602


   33.12527274  -5.09872944   0.           0.          -5.56772112  -5.64498168   0.           0.           0.           0.           0.           0.           0.          -1.52907966  -1.62446076   0.           0.           0.           0.           0.           0.           0.        
   -4.98365644  10.23543458   0.           0.          -5.25177814   0.           0.           0.           0.           0.           0.           0.           0.          -2.0303416    0.           0.           0.           0.           0.           0.           0.           0.        
    0.           0.          19.92373865   0.           0.          -4.69640975   0.           0.           0.          -4.68143439  -3.61655063  -6.92934388   0.           0.           0.02804015   0.           0.           0.          -1.97486401  -1.57247758  -3.17193477   0.        
    0.           0.           0.           6.57964688   0.           0.          -6.57964688   0.           0.           0.           0.           0.           0.           0.           0.           0.20785808   0.           0.           0.           0.           0.           0.        
   -5.41110979  -5.27153325   0.           0.          40.79241759 -22.75213446  -5.34639564  -2.01124445   0.           0.           0.           0.           0.          10.33986259  -7.36619453   0.03012121   0.05878062   0.           0.           0.           0.           0.        
   -5.54197501   0.          -4.69640975   0.         -22.97176565  37.78374877   0.           0.           0.           0.           0.           0.           0.          -6.71493045   9.79060005   0.           0.           0.           0.           0.           0.           0.        
    0.           0.           0.          -6.57964688  -5.34639564   0.          22.12718402 -10.20114149   0.           0.           0.           0.           0.          -0.03118006   0.           0.00018637   0.24014418   0.           0.           0.           0.           0.        
    0.           0.           0.           0.          -2.01124445   0.         -10.20114149  26.98866865 -11.46306818   0.           0.           0.          -3.31321454  -0.06034562   0.          -0.23816566   5.33981554  -4.16263366   0.           0.           0.          -1.48845995
    0.           0.           0.           0.           0.           0.           0.         -11.49899179  16.3324356   -4.83344381   0.           0.           0.           0.           0.           0.          -4.05093912   5.98489202  -2.07305918   0.           0.           0.        
    0.           0.          -4.56420114   0.           0.           0.           0.           0.          -4.92277481   9.48697595   0.           0.           0.           0.           0.           0.           0.          -1.88550037   4.01637865   0.           0.           0.        
    0.           0.          -3.55564433   0.           0.           0.           0.           0.           0.           0.           6.06234647  -2.50670213   0.           0.           0.           0.           0.           0.           0.           4.17977813  -2.61688011   0.        
    0.           0.          -6.77676388   0.           0.           0.           0.           0.           0.           0.          -2.48327874  11.81524725  -2.55520463   0.           0.           0.           0.           0.           0.          -2.62282679   6.93087977  -1.10873342
    0.           0.           0.           0.           0.           0.           0.          -3.29954459   0.           0.           0.          -2.46974974   5.76929434   0.           0.           0.          -1.48692882   0.           0.           0.          -1.25841337   2.50533285
    2.04675202   2.03631988   0.           0.         -11.58324759   7.59424378  -0.03204619  -0.06202191   0.           0.           0.           0.           0.          39.76593241 -22.06890551  -5.02524454  -1.906136     0.           0.           0.           0.           0.        
    1.9892527    0.           0.02890824   0.           6.90145953 -10.24553141   0.           0.           0.           0.           0.           0.           0.         -22.35089665  36.6183113    0.           0.           0.           0.           0.           0.           0.        
    0.           0.           0.           0.22114178   0.03204619   0.           0.00019828  -0.25338625   0.           0.           0.           0.           0.          -5.20189603   0.          20.79863778  -9.66802569   0.           0.           0.           0.           0.        
    0.           0.           0.           0.           0.06202191   0.           0.25338625  -6.22499567   4.36974404   0.           0.           0.           1.53984347  -1.95688557   0.          -9.58837205  25.26380844 -10.9197594    0.           0.           0.          -3.20265483
    0.           0.           0.           0.           0.           0.           0.           4.27431665  -6.46274343   2.18842678   0.           0.           0.           0.           0.           0.         -10.89804981  15.44792658  -4.57863847   0.           0.           0.        
    0.           0.           2.33026804   0.           0.           0.           0.           0.           1.97931278  -4.30958082   0.           0.           0.           0.           0.           0.           0.          -4.68945274   8.95291989   0.           0.           0.        
    0.           0.           1.78640735   0.           0.           0.           0.           0.           0.           0.          -4.53343206   2.74702471   0.           0.           0.           0.           0.           0.           0.           5.71370455  -2.38794319   0.        
    0.           0.           3.6301614    0.           0.           0.           0.           0.           0.           0.           2.7682173   -7.545387     1.1470083    0.           0.           0.           0.           0.           0.          -2.35285358  11.1451718   -2.46993919
    0.           0.           0.           0.           0.           0.           0.           1.56892128   0.           0.           0.           1.32099771  -2.88991898   0.           0.           0.          -3.12710905   0.           0.           0.          -2.35274147   5.48021523