   32.72764359  -5.04701746   0.           0.          -5.34605105  -5.42765413   0.           0.           0.           0.           0.           0.           0.          -1.76190464  -1.77769095   0.           0.           0.           0.           0.           0.           0.        
   -5.04701746  10.16652261   0.           0.          -5.11950515   0.           0.           0.           0.           0.           0.           0.           0.          -2.00583547   0.           0.           0.           0.           0.           0.           0.           0.        
    0.           0.          18.86435583   0.           0.          -4.55546651   0.           0.           0.          -4.38065955  -3.39828144  -6.52994833   0.           0.          -0.           0.           0.           0.          -2.09188056  -1.63278516  -3.31585232   0.        
    0.           0.           0.           6.18790803   0.           0.          -6.18790803   0.           0.           0.           0.           0.           0.           0.           0.          -0.           0.           0.           0.           0.           0.           0.        
   -5.34605105  -5.11950515   0.           0.          38.7891224  -21.57855398  -4.88951266  -1.85549956   0.           0.           0.           0.           0.          10.41725827  -6.84098066  -0.          -0.           0.           0.           0.           0.           0.        
   -5.42765413   0.          -4.55546651   0.         -21.57855398  36.05075732   0.           0.           0.           0.           0.           0.           0.          -6.84098066   9.42991265   0.           0.           0.           0.           0.           0.           0.        
    0.           0.           0.          -6.18790803  -4.88951266   0.          20.16750341  -9.09008272   0.           0.           0.           0.           0.          -0.           0.           0.          -0.           0.           0.           0.           0.           0.        
    0.           0.           0.           0.          -1.85549956   0.          -9.09008272  24.34002686 -10.36539413   0.           0.           0.          -3.02905046  -0.           0.          -0.           5.32605504  -3.90204955   0.           0.           0.          -1.42400549
    0.           0.           0.           0.           0.           0.           0.         -10.36539413  14.76833788  -4.40294375   0.           0.           0.           0.           0.           0.          -3.90204955   5.78293431  -1.88088475   0.           0.           0.        
    0.           0.          -4.38065955   0.           0.           0.           0.           0.          -4.40294375   8.7836033    0.           0.           0.           0.           0.           0.           0.          -1.88088475   3.69906132   0.           0.           0.        
    0.           0.          -3.39828144   0.           0.           0.           0.           0.           0.           0.           5.65025607  -2.25197463   0.           0.           0.           0.           0.           0.           0.           3.90817431  -2.48902459   0.        
    0.           0.          -6.52994833   0.           0.           0.           0.           0.           0.           0.          -2.25197463  11.09688643  -2.31496348   0.           0.           0.           0.           0.           0.          -2.48902459   6.50802123  -1.13699416
    0.           0.           0.           0.           0.           0.           0.          -3.02905046   0.           0.           0.          -2.31496348   5.34401393   0.           0.           0.          -1.42400549   0.           0.           0.          -1.13699416   2.56099964
    1.76190464   2.00583547   0.           0.         -10.60872077   6.84098066   0.           0.           0.           0.           0.           0.           0.          38.51922002 -21.57855398  -4.88951266  -1.85549956   0.           0.           0.           0.           0.        
    1.77769095   0.           0.           0.           6.84098066  -9.70612292   0.           0.           0.           0.           0.           0.           0.         -21.57855398  35.01652159   0.           0.           0.           0.           0.           0.           0.        
    0.           0.           0.           0.           0.           0.          -0.           0.           0.           0.           0.           0.           0.          -4.88951266   0.          18.93050848  -9.09008272   0.           0.           0.           0.           0.        
    0.           0.           0.           0.           0.           0.           0.          -5.32605504   3.90204955   0.           0.           0.           1.42400549  -1.85549956   0.          -9.09008272  23.84498589 -10.36539413   0.           0.           0.          -3.02905046
    0.           0.           0.           0.           0.           0.           0.           3.90204955  -5.78293431   1.88088475   0.           0.           0.           0.           0.           0.         -10.36539413  14.76833788  -4.40294375   0.           0.           0.        
    0.           0.           2.09188056   0.           0.           0.           0.           0.           1.88088475  -3.97276532   0.           0.           0.           0.           0.           0.           0.          -4.40294375   8.21043289   0.           0.           0.        
    0.           0.           1.63278516   0.           0.           0.           0.           0.           0.           0.          -4.12180975   2.48902459   0.           0.           0.           0.           0.           0.           0.           5.20562111  -2.25197463   0.        
    0.           0.           3.31585232   0.           0.           0.           0.           0.           0.           0.           2.48902459  -6.94187107   1.13699416   0.           0.           0.           0.           0.           0.          -2.25197463  10.24250067  -2.31496348
    0.           0.           0.           0.           0.           0.           0.           1.42400549   0.           0.           0.           1.13699416  -2.56099964   0.           0.           0.          -3.02905046   0.           0.           0.          -2.31496348   5.34401393


   33.16120896  -5.09828521   0.           0.          -5.58191586  -5.65744167   0.           0.           0.           0.           0.           0.           0.          -1.57414858  -1.68175162   0.           0.           0.           0.           0.           0.           0.        
   -4.984325    10.250606     0.           0.          -5.266281     0.           0.           0.           0.           0.           0.           0.           0.          -2.08823974   0.           0.           0.           0.           0.           0.           0.           0.        
    0.           0.          20.00357354   0.           0.          -4.707338     0.           0.           0.          -4.70687417  -3.63098217  -6.9583792    0.           0.           0.05107629   0.           0.           0.          -2.08139336  -1.66176899  -3.32980914   0.        
    0.           0.           0.           6.61312553   0.           0.          -6.61312553   0.           0.           0.           0.           0.           0.           0.           0.           0.23636194   0.           0.           0.           0.           0.           0.        
   -5.42406521  -5.28319418   0.           0.          40.97710921 -22.85672857  -5.38736442  -2.02575684   0.           0.           0.           0.           0.          10.66732857  -7.64874444   0.02799792   0.06547949   0.           0.           0.           0.           0.        
   -5.55616149   0.          -4.707338     0.         -23.08865563  37.93950935   0.           0.           0.           0.           0.           0.           0.          -6.91717527  10.15750399   0.           0.           0.           0.           0.           0.           0.        
    0.           0.           0.          -6.61312553  -5.38736442   0.          22.30257186 -10.30208191   0.           0.           0.           0.           0.          -0.02799792   0.           0.01505272   0.27941258   0.           0.           0.           0.           0.        
    0.           0.           0.           0.          -2.02575684   0.         -10.30208191  27.2334193  -11.56482073   0.           0.           0.          -3.34075982  -0.06547949   0.          -0.27941258   5.65101289  -4.42076926   0.           0.           0.          -1.55594186
    0.           0.           0.           0.           0.           0.           0.         -11.60913284  16.47721474  -4.8680819    0.           0.           0.           0.           0.           0.          -4.3030587    6.33168355  -2.22418331   0.           0.           0.        
    0.           0.          -4.57756948   0.           0.           0.           0.           0.          -4.97255665   9.55012613   0.           0.           0.           0.           0.           0.           0.          -1.97961944   4.29085793   0.           0.           0.        
    0.           0.          -3.56632115   0.           0.           0.           0.           0.           0.           0.           6.0920664   -2.52574525   0.           0.           0.           0.           0.           0.           0.           4.4470278   -2.76460593   0.        
    0.           0.          -6.7939963    0.           0.           0.           0.           0.           0.           0.          -2.49887271  11.87201279  -2.57914379   0.           0.           0.           0.           0.           0.          -2.78891919   7.33607002  -1.1437659 
    0.           0.           0.           0.           0.           0.           0.          -3.32951468   0.           0.           0.          -2.48181791   5.81133258   0.           0.           0.          -1.57986179   0.           0.           0.          -1.34192511   2.60287995
    2.05310618   2.04507215   0.           0.         -11.65344537   7.64874444  -0.02799792  -0.06547949   0.           0.           0.           0.           0.          41.09193648 -22.85672857  -5.38736442  -2.02575684   0.           0.           0.           0.           0.        
    1.99098072   0.           0.05107629   0.           6.91717527 -10.27813145   0.           0.           0.           0.           0.           0.           0.         -23.08865563  37.95421474   0.           0.           0.           0.           0.           0.           0.        
    0.           0.           0.           0.23636194   0.02799792   0.           0.01505272  -0.27941258   0.           0.           0.           0.           0.          -5.38736442   0.          22.41054448 -10.30208191   0.           0.           0.           0.           0.        
    0.           0.           0.           0.           0.06547949   0.           0.27941258  -6.32160319   4.42076926   0.           0.           0.           1.55594186  -2.02575684   0.         -10.30208191  26.92492627 -11.56482073   0.           0.           0.          -3.34075982
    0.           0.           0.           0.           0.           0.           0.           4.3030587   -6.52724201   2.22418331   0.           0.           0.           0.           0.           0.         -11.60913284  16.36164306  -4.8680819    0.           0.           0.        
    0.           0.           2.35217355   0.           0.           0.           0.           0.           1.97961944  -4.33179299   0.           0.           0.           0.           0.           0.           0.          -4.97255665   9.55010237   0.           0.           0.        
    0.           0.           1.79634661   0.           0.           0.           0.           0.           0.           0.          -4.56095253   2.76460593   0.           0.           0.           0.           0.           0.           0.           6.08598121  -2.52574525   0.        
    0.           0.           3.65353038   0.           0.           0.           0.           0.           0.           0.           2.78891919  -7.58621546   1.1437659    0.           0.           0.           0.           0.           0.          -2.49887271  11.80345013  -2.57914379
    0.           0.           0.           0.           0.           0.           0.           1.57986179   0.           0.           0.           1.34192511  -2.9217869    0.           0.           0.          -3.32951468   0.           0.           0.          -2.48181791   5.71693791


   33.12611157  -5.09872944   0.           0.          -5.56812811  -5.64541352   0.           0.           0.           0.           0.           0.           0.          -1.57166971  -1.67488039   0.           0.           0.           0.           0.           0.           0.        
   -4.98365644  10.23581847   0.           0.          -5.25216203   0.           0.           0.           0.           0.           0.           0.           0.          -2.0868935    0.           0.           0.           0.           0.           0.           0.           0.        
    0.           0.          19.92714009   0.           0.          -4.69676902   0.           0.           0.          -4.68256884  -3.61726144  -6.93054079   0.           0.           0.02891045   0.           0.           0.          -2.08527216  -1.65997054  -3.3302589    0.        
    0.           0.           0.           6.5818512    0.           0.          -6.5818512    0.           0.           0.           0.           0.           0.           0.           0.           0.22121587   0.           0.           0.           0.           0.           0.        
   -5.41150533  -5.27191859   0.           0.          40.79947566 -22.75553823  -5.34857774  -2.01193577   0.           0.           0.           0.           0.          10.62893297  -7.5953799    0.03205927   0.06204323   0.           0.           0.           0.           0.        
   -5.54239897   0.          -4.69676902   0.         -22.97520229  37.78831851   0.           0.           0.           0.           0.           0.           0.          -6.90249201  10.09552991   0.           0.           0.           0.           0.           0.           0.        
    0.           0.           0.          -6.5818512   -5.34857774   0.          22.13774949 -10.20732055   0.           0.           0.           0.           0.          -0.03205927   0.           0.0002646    0.25353973   0.           0.           0.           0.           0.        
    0.           0.           0.           0.          -2.01193577   0.         -10.20732055  27.00264799 -11.46879962   0.           0.           0.          -3.31459204  -0.06204323   0.          -0.25353973   5.63768403  -4.37192887   0.           0.           0.          -1.54048368
    0.           0.           0.           0.           0.           0.           0.         -11.5047412   16.34046496  -4.83572376   0.           0.           0.           0.           0.           0.          -4.27645377   6.28534499  -2.18945907   0.           0.           0.        
    0.           0.          -4.56530718   0.           0.           0.           0.           0.          -4.92509689   9.49040407   0.           0.           0.           0.           0.           0.           0.          -1.98024642   4.24253946   0.           0.           0.        
    0.           0.          -3.55634317   0.           0.           0.           0.           0.           0.           0.           6.06397104  -2.50762787   0.           0.           0.           0.           0.           0.           0.           4.4136256   -2.74803921   0.        
    0.           0.          -6.77793444   0.           0.           0.           0.           0.           0.           0.          -2.48419584  11.81814711  -2.55601683   0.           0.           0.           0.           0.           0.          -2.76923963   7.27867793  -1.14737289
    0.           0.           0.           0.           0.           0.           0.          -3.30091641   0.           0.           0.          -2.47053479   5.7714512    0.           0.           0.          -1.56957357   0.           0.           0.          -1.3214176    2.59233893
    2.04690163   2.03646874   0.           0.         -11.58464777   7.5953799   -0.03205927  -0.06204323   0.           0.           0.           0.           0.          40.87544196 -22.75553823  -5.34857774  -2.01193577   0.           0.           0.           0.           0.        
    1.98940487   0.           0.02891045   0.           6.90249201 -10.2468197    0.           0.           0.           0.           0.           0.           0.         -22.97520229  37.75896131   0.           0.           0.           0.           0.           0.           0.        
    0.           0.           0.           0.22121587   0.03205927   0.           0.0002646   -0.25353973   0.           0.           0.           0.           0.          -5.34857774   0.          22.14692006 -10.20732055   0.           0.           0.           0.           0.        
    0.           0.           0.           0.           0.06204323   0.           0.25353973  -6.22799551   4.37192887   0.           0.           0.           1.54048368  -2.01193577   0.         -10.20732055  26.67196821 -11.46879962   0.           0.           0.          -3.31459204
    0.           0.           0.           0.           0.           0.           0.           4.27645377  -6.46591284   2.18945907   0.           0.           0.           0.           0.           0.         -11.5047412   16.22343323  -4.83572376   0.           0.           0.        
    0.           0.           2.33083273   0.           0.           0.           0.           0.           1.98024642  -4.31107916   0.           0.           0.           0.           0.           0.           0.          -4.92509689   9.45690942   0.           0.           0.        
    0.           0.           1.78675845   0.           0.           0.           0.           0.           0.           0.          -4.53479766   2.74803921   0.           0.           0.           0.           0.           0.           0.           6.03356032  -2.50762787   0.        
    0.           0.           3.63078844   0.           0.           0.           0.           0.           0.           0.           2.76923963  -7.54740096   1.14737289   0.           0.           0.           0.           0.           0.          -2.48419584  11.70467595  -2.55601683
    0.           0.           0.           0.           0.           0.           0.           1.56957357   0.           0.           0.           1.3214176   -2.89099118   0.           0.           0.          -3.30091641   0.           0.           0.          -2.47053479   5.67056229


   33.12510623  -5.09873583   0.           0.          -5.56765663  -5.64493223   0.           0.           0.           0.           0.           0.           0.          -1.5715061   -1.67467763   0.           0.           0.           0.           0.           0.           0.        
   -4.98364679  10.23535318   0.           0.          -5.25170639   0.           0.           0.           0.           0.           0.           0.           0.          -2.08672234   0.           0.           0.           0.           0.           0.           0.           0.        
    0.           0.          19.92345345   0.           0.          -4.69635626   0.           0.           0.          -4.68132435  -3.61652702  -6.92924582   0.           0.           0.02870363   0.           0.           0.          -2.08479413  -1.65964475  -3.32969834   0.        
    0.           0.           0.           6.57956725   0.           0.          -6.57956725   0.           0.           0.           0.           0.           0.           0.           0.           0.22107496   0.           0.           0.           0.           0.           0.        
   -5.41102896  -5.27146794   0.           0.          40.79154235 -22.75160864  -5.34625921  -2.01117759   0.           0.           0.           0.           0.          10.62688409  -7.59394983   0.03210956   0.06200668   0.           0.           0.           0.           0.        
   -5.54189099   0.          -4.69635626   0.         -22.97116652  37.78293241   0.           0.           0.           0.           0.           0.           0.          -6.90139684  10.09339282   0.           0.           0.           0.           0.           0.           0.        
    0.           0.           0.          -6.57956725  -5.34625921   0.          22.12663749 -10.20081103   0.           0.           0.           0.           0.          -0.03210956   0.           0.00000417   0.25318869   0.           0.           0.           0.           0.        
    0.           0.           0.           0.          -2.01117759   0.         -10.20081103  26.98766073 -11.46260017   0.           0.           0.          -3.31307194  -0.06200668   0.          -0.25318869   5.63440824  -4.36943957   0.           0.           0.          -1.53973254
    0.           0.           0.           0.           0.           0.           0.         -11.49843919  16.33175133  -4.83331214   0.           0.           0.           0.           0.           0.          -4.2742369    6.28237791  -2.18818345   0.           0.           0.        
    0.           0.          -4.5641531    0.           0.           0.           0.           0.          -4.92250797   9.48666106   0.           0.           0.           0.           0.           0.           0.          -1.97938587   4.23962476   0.           0.           0.        
    0.           0.          -3.5556299    0.           0.           0.           0.           0.           0.           0.           6.06227904  -2.50664914   0.           0.           0.           0.           0.           0.           0.           4.41143005  -2.74699239   0.        
    0.           0.          -6.7767178    0.           0.           0.           0.           0.           0.           0.          -2.48325186  11.8150343   -2.55506464   0.           0.           0.           0.           0.           0.          -2.76816135   7.27534974  -1.14705722
    0.           0.           0.           0.           0.           0.           0.          -3.29936819   0.           0.           0.          -2.46970288   5.76907107   0.           0.           0.          -1.56888224   0.           0.           0.          -1.32085701   2.59169541
    2.04675286   2.03628481   0.           0.         -11.58287126   7.59394983  -0.03210956  -0.06200668   0.           0.           0.           0.           0.          40.86931009 -22.75160864  -5.34625921  -2.01117759   0.           0.           0.           0.           0.        
    1.98928362   0.           0.02870363   0.           6.90139684 -10.2453706    0.           0.           0.           0.           0.           0.           0.         -22.97116652  37.75102904   0.           0.           0.           0.           0.           0.           0.        
    0.           0.           0.           0.22107496   0.03210956   0.           0.00000417  -0.25318869   0.           0.           0.           0.           0.          -5.34625921   0.          22.12727427 -10.20081103   0.           0.           0.           0.           0.        
    0.           0.           0.           0.           0.06200668   0.           0.25318869  -6.22436748   4.36943957   0.           0.           0.           1.53973254  -2.01117759   0.         -10.20081103  26.65572588 -11.46260017   0.           0.           0.          -3.31307194
    0.           0.           0.           0.           0.           0.           0.           4.2742369   -6.46242035   2.18818345   0.           0.           0.           0.           0.           0.         -11.49843919  16.21565055  -4.83331214   0.           0.           0.        
    0.           0.           2.33016539   0.           0.           0.           0.           0.           1.97938587  -4.30955126   0.           0.           0.           0.           0.           0.           0.          -4.92250797   9.45081153   0.           0.           0.        
    0.           0.           1.78638866   0.           0.           0.           0.           0.           0.           0.          -4.53338104   2.74699239   0.           0.           0.           0.           0.           0.           0.           6.03036896  -2.50664914   0.        
    0.           0.           3.63007362   0.           0.           0.           0.           0.           0.           0.           2.76816135  -7.54529219   1.14705722   0.           0.           0.           0.           0.           0.          -2.48325186  11.69916257  -2.55506464
    0.           0.           0.           0.           0.           0.           0.           1.56888224   0.           0.           0.           1.32085701  -2.88973926   0.           0.           0.          -3.29936819   0.           0.           0.          -2.46970288   5.66898722