FUBM Formulation
Yff
   0.1000 - 9.9990i   0.7763 - 0.3697i   0.1000 - 9.9990i   1.0811 - 0.1802i   0.9651 - 0.3753i   0.4878 + 0.0000i

Yft
  -0.1000 + 9.9990i  -0.7763 + 0.3697i  -0.1000 + 9.9990i  -1.0811 + 0.1802i  -0.9651 + 0.3753i  -0.4878 + 0.0000i

Ytf
  -0.1000 + 9.9990i  -0.7763 + 0.3697i  -0.1000 + 9.9990i  -1.0811 + 0.1802i  -0.9651 + 0.3753i  -0.4878 + 0.0000i

Ytt
   0.1000 - 9.9990i   0.7763 - 0.3697i   0.1000 - 9.9990i   1.0811 - 0.1802i   0.9651 - 0.3753i   0.4878 + 0.0000i

--------------------------------------------------------------------------------------------------------------------------------
Iter: 1
--------------------------------------------------------------------------------------------------------------------------------

J:
   12.6574         0         0   -0.1975   -0.4052   -1.1849   -0.8509         0         0         0    1.1849
         0    0.4144         0         0   -0.4144   -0.5385   -1.0655   -0.4144         0         0         0
         0         0   11.1989         0  -11.1989         0   -0.1120         0         0         0         0
   -0.1975         0         0    0.1975         0    1.4144         0         0         0         0   -0.9773
   -0.4052   -0.4144  -11.1989         0   12.0184         0    1.6546    0.4144         0         0         0
    1.1849    0.5385         0   -1.7234         0    0.1629         0         0   -1.0000         0   -0.1629
    0.8509    1.0655    0.1120         0   -2.0284         0    9.4696   -1.0655         0         0         0
         0    0.4144         0         0   -0.4144         0   -1.0655   -0.4144         0         0         0
    1.1849         0         0   -1.1849         0    0.1629         0         0   -1.0000         0   -0.1629
         0   -1.6041         0    0.5385    1.0655         0   -0.4144    1.0655         0   -1.2188         0
   -2.1563         0         0    1.1849    0.8509   -0.1975   -0.4052         0         0         0    0.1975

F:
    0.2250    0.1668    0.0034   -0.1545   -0.1669   -0.0173   -1.2694    0.1143   -0.0173    0.0431    0.0170

dx:
    0.0004    0.0656   -0.0259    0.0656   -0.0269    0.0975    0.1261    0.0440   -0.0781   -0.0499   -0.0038
    
Yff
   0.1000 - 9.9990i   0.7763 - 0.3697i   0.1000 - 9.9990i   1.0919 - 0.2603i   0.9656 - 0.4252i   0.4878 + 0.0000i

Yft
  -0.1000 + 9.9990i  -0.7763 + 0.3697i  -0.1000 + 9.9990i  -1.0852 + 0.1809i  -0.9477 + 0.4174i  -0.4878 + 0.0000i

Ytf
  -0.1000 + 9.9990i  -0.7763 + 0.3697i  -0.1000 + 9.9990i  -1.0852 + 0.1809i  -0.9807 + 0.3326i  -0.4878 + 0.0000i

Ytt
   0.1000 - 9.9990i   0.7763 - 0.3697i   0.1000 - 9.9990i   1.0811 - 0.1802i   0.9651 - 0.3753i   0.4878 + 0.0000i
   
Vm
    1.1000    1.0960    1.0975    1.1040    1.1261    1.1200

Va
         0    0.0004    0.0656    0.0656   -0.0269   -0.0259

tau
         0         0         0         0    0.0440         0

beq
         0         0         0   -0.0781   -0.0499         0

m
         0         0         0    0.9962         0         0

Gsw
    0.0012    0.0002


--------------------------------------------------------------------------------------------------------------------------------
Iter: 2
--------------------------------------------------------------------------------------------------------------------------------

J:
   12.6690         0         0   -0.1320   -0.4822   -1.1998   -0.8395         0         0         0    1.3218
         0    0.5242         0    0.0000   -0.5242   -0.5385   -1.0442   -0.5242         0         0         0
         0         0   12.6116         0  -12.6116         0   -0.1013         0         0         0         0
   -0.3022   -0.0000         0    0.3022         0    1.7549         0         0    0.0000         0   -1.3410
   -0.4300   -0.4079  -12.6114         0   13.4493         0    2.0789    0.4079         0         0         0
    1.2884    0.5910         0   -1.8795         0    0.2959         0         0   -1.2138         0   -0.3260
    0.9703    1.2211    0.1382         0   -2.3295         0   12.2556   -1.2211         0         0         0
         0    0.5242         0         0   -0.5242         0   -1.0442   -0.5242         0    0.0000         0
    1.2884         0         0   -1.2884         0    0.2959         0         0   -1.2138         0   -0.3260
         0   -1.7669         0    0.5910    1.1759    0.0000   -0.4655    1.1759         0   -1.2188         0
   -2.3785         0         0    1.3168    0.9454   -0.1203   -0.4282         0         0         0    0.1325

F:
    0.0028    0.0044    0.0013    0.0233    0.0258    0.0113    0.1811    0.0044    0.0113   -0.0059    0.0054

dx:
   -0.0046    0.0085   -0.0385    0.0085   -0.0383   -0.0000   -0.0138    0.0828   -0.0100    0.0352    0.0203

Yff
   0.1000 - 9.9990i   0.7763 - 0.3697i   0.1000 - 9.9990i   1.0475 - 0.2597i   0.9653 - 0.3901i   0.4878 + 0.0000i

Yft
  -0.1000 + 9.9990i  -0.7763 + 0.3697i  -0.1000 + 9.9990i  -1.0636 + 0.1773i  -0.9100 + 0.4943i  -0.4878 + 0.0000i

Ytf
  -0.1000 + 9.9990i  -0.7763 + 0.3697i  -0.1000 + 9.9990i  -1.0636 + 0.1773i  -1.0049 + 0.2503i  -0.4878 + 0.0000i

Ytt
   0.1000 - 9.9990i   0.7763 - 0.3697i   0.1000 - 9.9990i   1.0811 - 0.1802i   0.9651 - 0.3753i   0.4878 + 0.0000i

Vm
    1.1000    1.0960    1.0975    1.1040    1.1123    1.1200

Va
         0   -0.0043    0.0740    0.0740   -0.0651   -0.0644

tau
         0         0         0         0    0.1268         0

beq
         0         0         0   -0.0881   -0.0147         0

m
         0         0         0    1.0165         0         0

Gsw
    0.0017    0.0001


--------------------------------------------------------------------------------------------------------------------------------
Iter:3
--------------------------------------------------------------------------------------------------------------------------------

J:
   12.6741         0         0   -0.1125   -0.5074   -1.1773   -0.8246         0         0         0    1.2711
         0    0.4756         0   -0.0000   -0.4756   -0.5385   -1.0603   -0.4756         0         0         0
         0         0   12.4565         0  -12.4565         0   -0.1037         0         0         0         0
   -0.3127    0.0000         0    0.3127         0    1.6846         0         0         0         0   -1.2414
   -0.3923   -0.4461  -12.4563         0   13.2947         0    2.0318    0.4461         0         0         0
    1.2587    0.5910         0   -1.8498         0    0.2851         0         0   -1.1658         0   -0.3079
    0.9721    1.1908    0.1337         0   -2.2966         0   11.9484   -1.1908         0         0         0
         0    0.4756         0         0   -0.4756         0   -1.0603   -0.4756         0    0.0000         0
    1.2587         0         0   -1.2587         0    0.2851         0         0   -1.1658         0   -0.3079
         0   -1.7704         0    0.5910    1.1794   -0.0000   -0.4276    1.1794         0   -1.2188         0
   -2.3813         0         0    1.2921    0.9172   -0.1025   -0.4562         0         0         0    0.1107

F:
   -0.0001    0.0007    0.0000   -0.0005    0.0016    0.0001    0.0027    0.0007    0.0001   -0.0002    0.0004

dx:
   -0.0002    0.0028   -0.0053    0.0028   -0.0053   -0.0000   -0.0004    0.0105   -0.0033    0.0023    0.0004

Yff
   0.1000 - 9.9990i   0.7763 - 0.3697i   0.1000 - 9.9990i   1.0472 - 0.2626i   0.9652 - 0.3878i   0.4878 + 0.0000i

Yft
  -0.1000 + 9.9990i  -0.7763 + 0.3697i  -0.1000 + 9.9990i  -1.0631 + 0.1772i  -0.9047 + 0.5038i  -0.4878 + 0.0000i

Ytf
  -0.1000 + 9.9990i  -0.7763 + 0.3697i  -0.1000 + 9.9990i  -1.0631 + 0.1772i  -1.0074 + 0.2398i  -0.4878 + 0.0000i

Ytt
   0.1000 - 9.9990i   0.7763 - 0.3697i   0.1000 - 9.9990i   1.0811 - 0.1802i   0.9651 - 0.3753i   0.4878 + 0.0000i

Vm
    1.1000    1.0960    1.0975    1.1040    1.1119    1.1200

Va
         0   -0.0045    0.0768    0.0768   -0.0704   -0.0697

tau
         0         0         0         0    0.1372         0

beq
         0         0         0   -0.0914   -0.0124         0

m
         0         0         0    1.0169         0         0

Gsw
    0.0018    0.0001


--------------------------------------------------------------------------------------------------------------------------------
Iter: 4
--------------------------------------------------------------------------------------------------------------------------------
J:
   12.6745         0         0   -0.1085   -0.5118   -1.1771   -0.8223         0         0         0    1.2705
         0    0.4726         0   -0.0000   -0.4726   -0.5385   -1.0613   -0.4726         0         0         0
         0         0   12.4521         0  -12.4521         0   -0.1038         0         0         0         0
   -0.3164    0.0000         0    0.3164         0    1.6852         0         0         0         0   -1.2404
   -0.3872   -0.4488  -12.4519         0   13.2879         0    2.0296    0.4488         0         0         0
    1.2573    0.5910         0   -1.8483         0    0.2883         0         0   -1.1649         0   -0.3111
    0.9737    1.1893    0.1336         0   -2.2966         0   11.9417   -1.1893         0         0         0
         0    0.4726         0         0   -0.4726         0   -1.0613   -0.4726         0   -0.0000         0
    1.2573         0         0   -1.2573         0    0.2883         0         0   -1.1649         0   -0.3111
         0   -1.7711         0    0.5910    1.1801   -0.0000   -0.4251    1.1801         0   -1.2188         0
   -2.3813         0         0    1.2919    0.9144   -0.0989   -0.4603         0         0         0    0.1067

F:
   1.0e-03 *

    0.0166   -0.1146    0.0000    0.6129    0.0163    0.0001    0.0072   -0.1146    0.0001    0.0003    0.0074

dx:
   1.0e-03 *

   -0.0392   -0.2630    0.2085   -0.2630    0.2085    0.0000   -0.0037   -0.7056    0.1249   -0.2251    0.4370

Yff
   0.1000 - 9.9990i   0.7763 - 0.3697i   0.1000 - 9.9990i   1.0464 - 0.2623i   0.9652 - 0.3880i   0.4878 + 0.0000i

Yft
  -0.1000 + 9.9990i  -0.7763 + 0.3697i  -0.1000 + 9.9990i  -1.0627 + 0.1771i  -0.9051 + 0.5032i  -0.4878 + 0.0000i

Ytf
  -0.1000 + 9.9990i  -0.7763 + 0.3697i  -0.1000 + 9.9990i  -1.0627 + 0.1771i  -1.0072 + 0.2405i  -0.4878 + 0.0000i

Ytt
   0.1000 - 9.9990i   0.7763 - 0.3697i   0.1000 - 9.9990i   1.0811 - 0.1802i   0.9651 - 0.3753i   0.4878 + 0.0000i

Vm
    1.1000    1.0960    1.0975    1.1040    1.1119    1.1200

Va
         0   -0.0046    0.0766    0.0766   -0.0702   -0.0695

tau
         0         0         0         0    0.1365         0

beq
         0         0         0   -0.0913   -0.0127         0

m
         0         0         0    1.0173         0         0

Gsw
    0.0018    0.0001


--------------------------------------------------------------------------------------------------------------------------------
Iter: 5
--------------------------------------------------------------------------------------------------------------------------------

J:
   12.6745         0         0   -0.1087   -0.5116   -1.1766   -0.8225         0         0         0    1.2693
         0    0.4729         0    0.0000   -0.4729   -0.5385   -1.0612   -0.4729         0         0         0
         0         0   12.4520         0  -12.4520         0   -0.1038         0         0         0         0
   -0.3159   -0.0000         0    0.3159         0    1.6839         0         0         0         0   -1.2382
   -0.3875   -0.4485  -12.4518         0   13.2878         0    2.0295    0.4485         0         0         0
    1.2568    0.5910         0   -1.8478         0    0.2879         0         0   -1.1639         0   -0.3106
    0.9736    1.1894    0.1336         0   -2.2966         0   11.9417   -1.1894         0         0         0
         0    0.4729         0         0   -0.4729         0   -1.0612   -0.4729         0   -0.0000         0
    1.2568         0         0   -1.2568         0    0.2879         0         0   -1.1639         0   -0.3106
         0   -1.7710         0    0.5910    1.1799    0.0000   -0.4253    1.1799         0   -1.2188         0
   -2.3813         0         0    1.2913    0.9145   -0.0991   -0.4601         0         0         0    0.1069

F:
   1.0e-03 *

   -0.0002   -0.0027    0.0000    0.1519    0.0001    0.0001    0.0000   -0.0027    0.0001    0.0000    0.0001

dx:
   1.0e-03 *

   -0.0123   -0.0285   -0.0059   -0.0285   -0.0059   -0.0000   -0.0000   -0.0283   -0.0140   -0.0054    0.1186

Yff
   0.1000 - 9.9990i   0.7763 - 0.3697i   0.1000 - 9.9990i   1.0462 - 0.2623i   0.9652 - 0.3880i   0.4878 + 0.0000i

Yft
  -0.1000 + 9.9990i  -0.7763 + 0.3697i  -0.1000 + 9.9990i  -1.0626 + 0.1771i  -0.9051 + 0.5032i  -0.4878 + 0.0000i

Ytf
  -0.1000 + 9.9990i  -0.7763 + 0.3697i  -0.1000 + 9.9990i  -1.0626 + 0.1771i  -1.0072 + 0.2405i  -0.4878 + 0.0000i

Ytt
   0.1000 - 9.9990i   0.7763 - 0.3697i   0.1000 - 9.9990i   1.0811 - 0.1802i   0.9651 - 0.3753i   0.4878 + 0.0000i

Vm
    1.1000    1.0960    1.0975    1.1040    1.1119    1.1200

Va
         0   -0.0046    0.0766    0.0766   -0.0702   -0.0695

tau
         0         0         0         0    0.1365         0

beq
         0         0         0   -0.0913   -0.0127         0

m
         0         0         0    1.0174         0         0

Gsw
    0.0018    0.0001


--------------------------------------------------------------------------------------------------------------------------------
Iter: 6
--------------------------------------------------------------------------------------------------------------------------------

J:
   12.6745         0         0   -0.1087   -0.5116   -1.1765   -0.8225         0         0         0    1.2690
         0    0.4729         0    0.0000   -0.4729   -0.5385   -1.0612   -0.4729         0         0         0
         0         0   12.4520         0  -12.4520         0   -0.1038         0         0         0         0
   -0.3159   -0.0000         0    0.3159         0    1.6835         0         0    0.0000         0   -1.2376
   -0.3875   -0.4485  -12.4518         0   13.2878         0    2.0295    0.4485         0         0         0
    1.2566    0.5910         0   -1.8477         0    0.2878         0         0   -1.1636         0   -0.3105
    0.9736    1.1894    0.1336         0   -2.2966         0   11.9417   -1.1894         0         0         0
         0    0.4729         0         0   -0.4729         0   -1.0612   -0.4729         0    0.0000         0
    1.2566         0         0   -1.2566         0    0.2878         0         0   -1.1636         0   -0.3105
         0   -1.7710         0    0.5910    1.1799    0.0000   -0.4253    1.1799         0   -1.2188         0
   -2.3813         0         0    1.2912    0.9145   -0.0991   -0.4601         0         0         0    0.1069

F:
   1.0e-05 *

   -0.0018    0.0217    0.0000   -0.7867    0.0000    0.0002    0.0000    0.0217    0.0002    0.0000    0.0002

dx:
   1.0e-05 *

    0.0631    0.1600    0.0096    0.1600    0.0096    0.0000    0.0002    0.1960    0.0585    0.0440   -0.6109

Yff
   0.1000 - 9.9990i   0.7763 - 0.3697i   0.1000 - 9.9990i   1.0462 - 0.2623i   0.9652 - 0.3880i   0.4878 + 0.0000i

Yft
  -0.1000 + 9.9990i  -0.7763 + 0.3697i  -0.1000 + 9.9990i  -1.0626 + 0.1771i  -0.9051 + 0.5032i  -0.4878 + 0.0000i

Ytf
  -0.1000 + 9.9990i  -0.7763 + 0.3697i  -0.1000 + 9.9990i  -1.0626 + 0.1771i  -1.0072 + 0.2405i  -0.4878 + 0.0000i

Ytt
   0.1000 - 9.9990i   0.7763 - 0.3697i   0.1000 - 9.9990i   1.0811 - 0.1802i   0.9651 - 0.3753i   0.4878 + 0.0000i

Vm
    1.1000    1.0960    1.0975    1.1040    1.1119    1.1200

Va
         0   -0.0046    0.0766    0.0766   -0.0702   -0.0695

tau
         0         0         0         0    0.1365         0

beq
         0         0         0   -0.0913   -0.0127         0

m
         0         0         0    1.0174         0         0

Gsw
    0.0018    0.0001


--------------------------------------------------------------------------------------------------------------------------------
Iter: 7
--------------------------------------------------------------------------------------------------------------------------------

J:
   12.6745         0         0   -0.1087   -0.5116   -1.1765   -0.8225         0         0         0    1.2691
         0    0.4729         0    0.0000   -0.4729   -0.5385   -1.0612   -0.4729         0         0         0
         0         0   12.4520         0  -12.4520         0   -0.1038         0         0         0         0
   -0.3159   -0.0000         0    0.3159         0    1.6835         0         0         0         0   -1.2377
   -0.3875   -0.4485  -12.4518         0   13.2878         0    2.0295    0.4485         0         0         0
    1.2567    0.5910         0   -1.8477         0    0.2878         0         0   -1.1636         0   -0.3105
    0.9736    1.1894    0.1336         0   -2.2966         0   11.9417   -1.1894         0         0         0
         0    0.4729         0         0   -0.4729         0   -1.0612   -0.4729         0   -0.0000         0
    1.2567         0         0   -1.2567         0    0.2878         0         0   -1.1636         0   -0.3105
         0   -1.7710         0    0.5910    1.1799    0.0000   -0.4253    1.1799         0   -1.2188         0
   -2.3813         0         0    1.2912    0.9145   -0.0991   -0.4601         0         0         0    0.1069

F:
   1.0e-07 *

   -0.0005    0.0529    0.0000    0.8407    0.0000    0.0001    0.0000    0.0529    0.0001    0.0000    0.0001

dx:
   1.0e-07 *

   -0.0774   -0.0522   -0.2079   -0.0522   -0.2079    0.0000    0.0004    0.2666   -0.2101    0.1073    0.6857

Yff
   0.1000 - 9.9990i   0.7763 - 0.3697i   0.1000 - 9.9990i   1.0462 - 0.2623i   0.9652 - 0.3880i   0.4878 + 0.0000i

Yft
  -0.1000 + 9.9990i  -0.7763 + 0.3697i  -0.1000 + 9.9990i  -1.0626 + 0.1771i  -0.9051 + 0.5032i  -0.4878 + 0.0000i

Ytf
  -0.1000 + 9.9990i  -0.7763 + 0.3697i  -0.1000 + 9.9990i  -1.0626 + 0.1771i  -1.0072 + 0.2405i  -0.4878 + 0.0000i

Ytt
   0.1000 - 9.9990i   0.7763 - 0.3697i   0.1000 - 9.9990i   1.0811 - 0.1802i   0.9651 - 0.3753i   0.4878 + 0.0000i


Vm
    1.1000    1.0960    1.0975    1.1040    1.1119    1.1200

Va
         0   -0.0046    0.0766    0.0766   -0.0702   -0.0695

tau
         0         0         0         0    0.1365         0

beq
         0         0         0   -0.0913   -0.0127         0

m
         0         0         0    1.0174         0         0

Gsw
    0.0018    0.0001


--------------------------------------------------------------------------------------------------------------------------------
END
--------------------------------------------------------------------------------------------------------------------------------
Newton's method power flow converged in 7 iterations.
